XE: 48.510575
YE: 72.408786
distance: 17.624697
