XE: 48.858414
YE: 73.250270
distance: 17.743594
