XE: 48.502701
YE: 72.443261
distance: 17.648086
