XE: -0.000000
YE: -0.000000
distance: 90.509668
