XE: 48.498581
YE: 72.438498
distance: 17.649426
